Overall Error Statistics:
mae: 0.005669
max_error: 0.564246
error_std: 0.011660

Per-Feature Error (Mean Absolute Error):
HpHp_L1_std: 0.037289
HpHp_L0.1_std: 0.037260
HpHp_L0.1_radius: 0.023009
HpHp_L1_radius: 0.022497
MI_dir_L0.01_mean: 0.014104
H_L0.01_mean: 0.014088
HH_jit_L0.01_variance: 0.012300
H_L0.1_variance: 0.011876
MI_dir_L0.1_variance: 0.011870
MI_dir_L0.01_weight: 0.011829
H_L0.01_weight: 0.011827
H_L1_variance: 0.011235
MI_dir_L1_variance: 0.011222
MI_dir_L0.1_weight: 0.011068
H_L0.1_weight: 0.011057
H_L0.1_mean: 0.009235
MI_dir_L0.1_mean: 0.009218
HH_L0.01_covariance: 0.008955
HH_L1_radius: 0.008486
MI_dir_L5_weight: 0.008401
H_L5_weight: 0.008396
HH_L0.01_pcc: 0.008360
MI_dir_L0.01_variance: 0.008211
H_L0.01_variance: 0.008210
H_L3_weight: 0.008160
MI_dir_L3_weight: 0.008149
H_L1_weight: 0.007578
MI_dir_L1_weight: 0.007555
HpHp_L0.01_pcc: 0.007078
HH_jit_L0.1_variance: 0.006875
HH_jit_L1_variance: 0.006491
HH_L0.1_pcc: 0.006340
HH_L3_magnitude: 0.006221
H_L3_variance: 0.006216
MI_dir_L3_variance: 0.006213
HH_L1_magnitude: 0.006193
HH_L5_magnitude: 0.006171
HpHp_L0.01_radius: 0.006090
HH_L0.1_covariance: 0.005890
HpHp_L3_radius: 0.005675
HH_jit_L3_mean: 0.005672
HH_jit_L1_mean: 0.005650
HH_jit_L5_mean: 0.005596
HH_L0.1_magnitude: 0.005551
HpHp_L0.01_covariance: 0.005514
HpHp_L3_std: 0.005182
HH_jit_L0.01_mean: 0.005087
HpHp_L0.01_std: 0.005074
HH_L0.01_magnitude: 0.005019
HH_L0.1_std: 0.004946
HH_L1_std: 0.004934
MI_dir_L5_variance: 0.004802
H_L5_variance: 0.004787
HH_L0.01_std: 0.004674
HH_L0.01_mean: 0.004460
HH_L0.01_weight: 0.004353
HH_jit_L0.01_weight: 0.004341
HH_jit_L0.1_weight: 0.004334
HH_L0.1_weight: 0.004323
HH_L0.1_radius: 0.004312
HH_L0.01_radius: 0.004232
MI_dir_L1_mean: 0.004049
HH_L0.1_mean: 0.004042
H_L1_mean: 0.004036
HpHp_L5_radius: 0.003502
HH_L3_radius: 0.003420
HH_L1_pcc: 0.003364
HpHp_L0.01_weight: 0.003330
H_L3_mean: 0.003327
MI_dir_L3_mean: 0.003316
HpHp_L0.1_weight: 0.003198
H_L5_mean: 0.003065
MI_dir_L5_mean: 0.003052
HH_L3_pcc: 0.002873
HpHp_L3_magnitude: 0.002870
HpHp_L1_magnitude: 0.002856
HpHp_L5_magnitude: 0.002845
HpHp_L0.1_magnitude: 0.002835
HpHp_L0.01_magnitude: 0.002832
HpHp_L3_mean: 0.002774
HH_L1_mean: 0.002761
HH_L5_mean: 0.002744
HpHp_L0.1_mean: 0.002739
HH_L3_mean: 0.002738
HpHp_L1_mean: 0.002736
HpHp_L0.01_mean: 0.002725
HpHp_L5_mean: 0.002718
HH_L1_covariance: 0.002636
HpHp_L5_std: 0.002590
HH_L5_pcc: 0.002551
HH_L3_covariance: 0.002540
HH_L5_covariance: 0.002518
HH_L5_radius: 0.002471
HH_jit_L0.1_mean: 0.002315
HH_L5_std: 0.002292
HH_jit_L3_variance: 0.001572
HH_L3_std: 0.001531
HH_jit_L5_variance: 0.001209
HH_jit_L1_weight: 0.001050
HH_L1_weight: 0.001034
HpHp_L3_weight: 0.000901
HpHp_L5_weight: 0.000740
HH_jit_L5_weight: 0.000686
HH_L5_weight: 0.000673
HH_L3_weight: 0.000660
HH_jit_L3_weight: 0.000654
HpHp_L1_weight: 0.000575
HpHp_L0.1_pcc: 0.000046
HpHp_L0.1_covariance: 0.000040
HpHp_L1_covariance: 0.000039
HpHp_L3_covariance: 0.000034
HpHp_L5_pcc: 0.000031
HpHp_L1_pcc: 0.000029
HpHp_L5_covariance: 0.000026
HpHp_L3_pcc: 0.000020
